MOS,PSNRY,PSNRCb,PSNRCr,SSIMY,SSIMCb,SSIMCr
93.8,41.2805,41.8146,41.4132,16.7328,13.1041,13.4592
79.4,35.8013,36.3476,35.9201,11.789,8.19479,8.58339
73.8,31.0041,31.594,31.1689,8.16602,4.67215,5.14142
62.5,26.867,27.529,27.0195,5.7527,2.5294,3.0115
53.3,23.5098,24.2962,23.6471,4.17749,1.43537,1.87093
98.7,54.5581,42.2325,37.8542,32.7306,14.9226,13.4752
93.1,36.9622,38.6306,35.5103,17.055999999999994,11.0689,10.7597
80.3,29.9549,35.9818,32.3779,11.0908,8.90441,8.57817
49.9,25.2435,32.7374,29.0544,6.563089999999999,7.21632,6.6734
31.3,23.0126,27.832,26.1726,4.66908,6.08812,5.47466
98.8,42.0903,43.9814,41.5292,19.8075,15.7904,14.9039
86.5,34.6626,39.6848,37.3016,14.2289,11.8732,11.686
63.6,29.0,37.2379,34.5509,9.47045,9.74005,9.64954
42.4,24.4269,34.3495,30.9088,5.42135,7.913360000000001,7.53173
17.3,20.7832,31.7958,27.3829,2.39916,7.16812,5.83778
94.8,41.3256,41.8762,41.5151,19.4883,16.0721,16.4031
74.7,35.3676,36.2101,36.3989,14.4308,11.1601,11.5487
62.4,31.0437,31.4936,31.1198,10.7114,7.29252,7.646210000000001
51.0,26.8171,27.8031,27.0586,7.60463,4.40251,4.86155
43.5,23.5228,24.4101,23.4675,5.5726900000000015,2.61483,3.06288
95.7,38.255,52.6053,48.9111,20.6939,24.9044,23.7875
85.8,32.4009,48.0527,43.6532,14.5399,20.5612,18.898
65.9,27.6726,43.8647,39.2232,9.50266,16.5071,14.6722
52.9,23.6292,39.527,34.6158,5.18942,12.2511,10.6776
25.0,20.5932,35.196,28.5827,2.39143,8.34653,6.51209
94.4,30.8891,45.1789,37.1004,17.7838,23.8661,23.0192
79.9,23.7393,38.2553,30.0133,12.4018,19.0556,17.424
69.0,18.1467,32.7057,24.4443,7.460189999999999,13.7164,11.6533
62.9,16.9607,31.504,23.2298,6.33065,12.4903,10.3331
96.8,41.3694,41.9641,41.4919,17.0716,12.2786,11.8183
87.5,35.8693,36.484,36.0285,11.9676,7.4161,7.037160000000001
75.5,31.1339,31.7472,31.2857,8.126,4.02998,3.75037
62.7,27.003,27.6098,27.191,5.43756,2.02821,1.87103
49.9,23.4128,24.0085,23.6376,3.6905,1.01079,0.936832
97.0,40.5581,44.3286,44.5139,17.1497,14.5581,14.762
93.5,33.2839,42.8031,42.875,11.4905,13.4853,13.6541
61.1,28.2662,39.1086,39.4958,7.65234,12.027,12.3872
39.3,25.3938,33.7271,33.9346,5.5802,10.812,10.9437
18.1,22.3566,28.9857,33.3276,3.71381,10.401,12.4683
97.3,39.8422,44.7598,44.4681,15.2849,15.0184,14.7828
80.9,33.2106,43.0268,43.081,9.85648,13.6306,13.8104
51.4,27.819000000000006,41.0755,40.9267,6.687289999999999,12.7129,12.8023
24.6,23.6657,39.7167,39.5,4.23679,12.3915,12.4773
4.4,20.2189,37.3372,33.3279,2.30372,12.2934,12.4689
87.4,41.2869,42.5767,40.6956,20.1185,15.4219,14.9045
68.1,35.8674,36.4127,36.141,15.0431,10.455,9.99584
52.5,30.6599,31.7008,31.526,10.6888,6.4678,6.06439
39.9,26.656,28.2359,27.1147,7.5472199999999985,3.7816,3.51603
29.2,23.9393,24.1831,23.5048,5.23415,2.00826,1.9141
97.5,37.8513,54.1051,54.2057,19.6028,24.2126,24.3104
88.6,32.5475,51.2285,51.2771,14.2818,21.3447,21.4
74.1,27.5064,48.0135,48.047,9.19392,18.138,18.1959
53.6,23.4679,45.2824,45.3561,5.22299,15.4625,15.614
10.4,20.0558,41.699,41.5809,2.32713,12.763,12.8718
96.2,30.2705,44.5587,48.7332,17.5931,23.6971,23.7572
83.7,22.9722,37.5709,42.2973,10.6639,20.216,20.3166
63.3,17.569000000000006,32.207,37.0849,5.24958,15.7723,15.9286
54.7,16.4749,31.0859,36.0553,4.1378900000000005,14.7276,14.9531
89.6,41.2768,41.8386,41.3889,15.8005,12.9846,12.3067
79.4,35.941,36.5556,36.0735,11.0847,8.23322,7.59682
65.1,30.948,31.5622,31.1127,7.51698,4.54901,4.05957
56.1,27.0331,27.6369,27.1733,5.46697,2.50291,2.14412
50.2,23.3645,24.0524,23.5831,4.08626,1.33306,1.09611
95.9,43.2113,41.8013,43.5053,20.7548,13.3424,14.6516
84.0,32.9537,38.6814,40.0403,14.7816,10.7334,11.678
62.2,28.9913,36.2302,37.2568,11.9968,9.27575,9.93038
29.6,24.7215,31.978,33.833,8.55974,7.80987,8.62406
18.8,21.1691,28.0413,32.1603,5.8636300000000015,7.81814,8.45814
92.1,41.0082,43.0219,43.566,17.3025,14.5766,14.7682
79.1,33.8543,39.9723,41.0305,14.482,11.7882,12.5792
59.5,28.6289,37.5542,38.2821,11.2345,9.88284,10.5384
36.1,24.1776,35.1504,35.8343,7.74315,8.78973,9.43499
21.5,20.4545,32.4348,33.5767,4.42346,8.18602,8.96235
77.8,41.2319,42.1623,41.1686,18.9441,16.1612,15.4947
67.5,36.0022,36.052,36.1033,13.8957,11.1241,10.4996
49.7,30.8189,32.1399,30.8538,10.0176,7.27612,6.61539
40.5,27.6849,27.5962,26.816,7.2755800000000015,4.39841,3.90163
33.3,23.6148,24.005,23.8209,5.33194,2.50297,2.11337
93.3,38.4077,53.3653,54.6618,22.5271,24.787,25.6215
85.3,32.5222,49.2118,51.2927,16.6523,20.689,22.3683
60.1,27.9361,45.6486,48.0927,11.9787,17.2097,19.2938
49.2,23.7548,42.0245,44.3043,7.596419999999998,13.8218,15.6206
25.0,20.1254,37.5629,39.8016,3.95219,10.347,11.5332
88.9,32.0149,36.0194,38.5074,18.8313,22.3047,22.3403
71.5,24.7406,28.7838,31.3577,11.8138,16.543,17.1631
59.2,19.3358,23.3813,25.8416,6.04784,11.1556,11.988
48.3,18.1489,22.1882,24.6473,4.75779,9.93639,10.8051
97.2,41.2752,41.8748,41.4301,20.0871,13.5414,13.4398
88.0,35.8153,36.4481,35.995,14.8357,8.608360000000001,8.54657
72.8,30.9064,31.5352,31.0709,10.4652,4.87863,4.8647300000000016
58.7,26.9959,27.6339,27.1742,7.458260000000001,2.72789,2.7629
51.1,23.576,24.2267,23.724,5.25727,1.5098200000000002,1.54511
97.1,57.2896,39.4977,40.014,36.7996,11.6839,13.1245
97.0,36.2942,37.0887,37.0913,16.442,9.10132,9.97923
76.4,29.3939,35.4755,34.7816,10.7654,7.85854,8.07885
48.6,24.6347,32.6783,31.5295,6.30016,6.54331,6.20592
30.4,22.4887,30.292,29.5542,4.21551,6.30385,5.72131
97.1,41.5609,43.2642,42.6398,20.4592,14.9062,14.8486
95.7,35.1434,38.4477,37.9067,13.9337,10.4023,10.6315
67.7,29.0537,35.8169,35.3748,8.655489999999999,8.03232,8.49613
45.3,24.3102,34.4603,33.3842,5.16889,7.22049,7.02309
23.4,20.4835,32.6234,30.5873,1.89104,6.65585,5.9683199999999985
96.8,41.5815,41.8264,41.2076,23.1241,16.6567,16.565
77.4,36.1058,36.1936,35.981,18.1803,11.7536,11.6105
62.4,31.4105,32.1148,30.8028,13.7781,7.71888,7.63668
43.0,27.5139,27.8373,26.8013,10.0336,4.59287,4.5606800000000005
30.1,23.8154,24.2527,23.7715,7.70228,2.99127,2.9769400000000004
96.8,38.164,50.6301,51.4255,20.9585,22.8053,24.136
81.3,32.7108,46.2875,47.2114,15.2614,18.5525,20.1633
71.0,27.7906,42.0494,42.85,9.94393,14.2582,15.9178
51.5,23.8323,38.8157,38.9524,5.49989,10.9587,12.1312
24.2,20.237,33.9095,31.8921,1.66067,7.26117,6.80247
85.7,31.0806,38.547,39.1765,17.2839,21.0402,20.7611
71.1,23.7624,31.274,31.9237,9.84866,14.4946,13.9794
44.6,18.4683,25.9998,26.6397,3.93884,9.0742,8.37921
43.5,17.2347,24.779,25.3955,2.58487,7.812869999999998,7.06629
99.4,41.2496,41.8398,41.4024,20.8448,15.0897,14.1242
89.1,35.6764,36.3149,35.8495,15.5546,9.99472,9.05711
79.6,30.9713,31.6073,31.1785,11.3784,6.24766,5.43891
67.5,26.8445,27.4795,27.0677,8.11737,3.71247,3.07805
53.0,23.4405,24.0903,23.7253,5.78124,2.23598,1.77836
99.8,50.1004,40.6754,41.474,29.8906,15.0791,14.8274
96.6,37.6649,36.3158,37.1579,18.9278,10.7247,10.5324
74.2,30.9448,32.3608,33.4682,12.8224,7.385569999999999,7.415589999999999
41.4,25.4181,27.8748,29.4965,7.6734300000000015,4.61106,5.0374
27.6,23.6039,26.3899,27.9568,6.091469999999998,4.10046,4.66795
99.8,41.1237,43.3358,43.2966,21.0304,17.1067,16.3297
92.7,34.8061,38.6338,38.4222,15.3356,12.74,11.763
61.4,29.4061,34.6507,34.2513,10.8901,9.22229,7.98269
36.9,24.9508,30.9358,31.7709,7.09836,6.36178,6.21999
19.5,21.4375,27.8722,29.1472,3.9484,4.55035,4.83751
98.8,41.3949,41.9429,41.5755,24.0483,18.3318,17.3656
91.1,36.0846,36.4222,35.7585,18.8999,13.3588,12.3777
73.5,30.9063,31.6672,31.3259,14.0318,8.799439999999997,7.9127399999999986
53.3,27.5719,27.5474,27.3791,10.8754,6.06167,5.23278
36.1,23.0048,24.5061,24.0243,7.931260000000001,3.89641,3.26904
95.3,38.0966,48.8745,49.3748,21.5237,23.0886,22.6625
75.1,32.5202,44.2341,44.8887,15.8576,18.6401,18.3019
59.2,27.7065,39.9383,40.883,10.8371,14.526,14.3595
41.1,23.7608,35.3326,36.9541,6.64398,10.2798,10.5066
21.5,20.5603,31.1251,33.3353,3.46371,6.60478,7.17473
90.3,30.5873,39.2945,40.977,18.7295,22.8047,23.1758
79.0,23.3965,32.1875,33.9036,12.544,16.3462,17.1234
64.8,17.9449,26.7442,28.47,7.38704,10.7178,11.5483
58.3,16.7126,25.5142,27.2397,6.14418,9.39272,10.2226
91.2,41.2933,42.2643,41.5886,12.5369,13.4825,12.062
85.0,35.7245,36.8143,36.146,7.53057,8.58606,7.31893
72.5,30.6873,31.8579,31.2121,4.20829,4.93465,3.95401
62.5,26.759,27.9796,27.3361,2.50314,2.87635,2.16617
52.0,23.1365,24.3817,23.7227,1.52719,1.60458,1.13794
97.8,56.3682,39.0349,45.1361,30.8643,13.0638,17.1256
86.6,36.614,36.0272,41.4367,11.5925,10.3156,14.0266
35.3,30.4331,32.0989,34.9585,6.814539999999999,7.89226,10.5968
23.8,28.1192,29.6044,31.7506,4.95162,6.95843,9.88659
15.4,25.7875,28.1494,29.7288,6.09872,7.152,9.74112
95.6,41.3672,42.9662,45.2364,13.5304,14.7495,16.4883
76.2,35.2374,37.8881,41.4757,9.54258,11.3164,14.0243
44.1,30.0091,34.1912,38.0061,7.31814,9.1755,12.3923
23.8,25.4946,31.6852,34.7688,5.51617,8.2448,11.3967
2.3,21.7805,27.636,32.4986,4.21134,7.740239999999999,11.0022
83.0,41.3569,42.6138,41.0904,14.2338,16.6013,15.1968
72.8,36.1044,36.9644,36.2733,9.54484,11.6222,10.3694
55.2,30.287,32.2262,31.5215,6.27491,7.483389999999999,6.39104
43.1,26.4384,27.6015,27.3547,3.90685,4.5829,3.78933
31.9,22.9167,24.6601,23.8253,2.32118,2.7755,2.05031
96.3,39.7442,45.3723,50.6816,17.2333,19.1938,22.3314
85.1,33.9036,40.2492,46.2833,11.9366,14.1921,18.2498
73.8,29.0219,36.8419,43.0507,8.7533,11.17,15.5201
46.2,24.7925,33.9516,39.364,6.07716,9.13035,13.0208
14.4,21.3902,30.856,35.4261,4.15431,8.120460000000001,11.5745
97.3,31.2904,38.4169,41.1748,8.14963,23.0882,24.7307
85.5,24.1122,31.5479,34.2664,6.4505300000000005,17.9336,20.8471
72.0,18.5779,26.0105,28.7479,4.94419,12.3938,16.1591
62.1,16.7124,24.2013,26.9373,4.245419999999998,10.5649,14.3055
94.8,41.3587,41.9406,41.5026,15.1815,12.4363,12.0604
87.0,35.8749,36.4608,36.0286,10.1681,7.563860000000001,7.248410000000002
78.4,31.1329,31.7775,31.3021,6.45276,4.18153,3.94521
68.8,27.0349,27.6724,27.1869,4.00856,2.1514,2.02271
56.0,23.3567,24.0582,23.5481,2.47291,1.09531,1.02888
99.2,41.389,43.2321,42.9102,15.7354,14.0247,14.2556
82.0,33.9313,39.5574,38.7902,10.2908,11.7474,11.9317
48.2,29.5559,35.0618,34.0768,6.970789999999999,10.5516,9.82909
27.5,25.1372,26.0116,27.0886,4.4585300000000005,7.279339999999999,7.74503
20.9,24.8499,26.0115,27.0875,4.2796400000000006,7.28325,7.7462300000000015
99.2,39.5889,44.6046,43.7048,13.5465,15.2425,14.4656
82.4,33.2492,41.0476,40.4522,9.46675,12.5422,12.7081
48.2,28.2474,38.5593,36.8515,6.08303,11.4143,11.4544
19.2,24.3662,34.6665,31.8964,4.22645,10.7393,10.3393
2.8,21.16,25.1267,30.7399,3.2474,10.5602,10.0017
93.4,41.5749,41.892,41.2134,18.1118,15.5318,15.1425
73.0,35.6952,36.1692,36.1195,13.0683,10.478,10.1406
59.7,31.0346,31.6373,30.9124,8.97364,6.55433,6.22896
51.3,27.4069,27.4458,26.7678,5.91488,3.76235,3.53643
39.3,23.269,24.2159,23.5675,3.99666,2.30236,2.08868
94.4,37.8959,49.4871,49.0096,15.6463,20.1064,20.0172
63.9,32.2236,45.6178,45.0001,10.4829,16.3415,16.5977
41.7,27.5423,42.5251,40.5335,6.56664,13.5478,13.71
20.0,23.6447,39.4797,35.9449,4.17131,11.7316,11.5421
8.7,20.2058,36.8193,32.8994,3.21359,11.0039,10.6803
91.0,30.7926,41.1103,37.7618,15.0415,23.1912,22.7025
78.8,23.7623,34.2215,30.7737,10.6199,18.9212,18.2151
65.8,18.3369,28.8241,25.3484,6.13665,14.0696,13.2124
61.1,17.1793,27.6609,24.1895,5.07065,12.959,12.0833
98.6,41.4551,42.0738,41.6393,22.4204,15.6638,13.7223
93.6,35.6655,36.2619,35.8347,16.9383,10.2624,8.480210000000001
86.4,30.9673,31.5456,31.1505,12.8042,6.43253,4.94375
75.0,26.8588,27.5295,27.1054,9.569,3.86382,2.72668
61.9,23.369,24.116,23.6533,7.137860000000001,2.26892,1.49534
98.4,54.1009,35.6171,40.1807,37.5227,10.2243,12.9705
92.5,39.9218,34.5554,38.2137,22.4608,8.975019999999997,10.7947
84.6,30.3302,32.4754,35.8561,15.6077,6.78344,8.562669999999999
67.8,24.8728,30.6121,33.4256,10.8665,5.22352,6.70719
44.9,21.1112,28.3482,30.4986,6.932,3.93069,5.54694
98.5,41.4545,43.2688,42.7879,22.4941,17.2818,15.1799
94.4,35.6516,37.379,38.1888,17.504,11.7635,10.8755
82.1,29.8021,33.2681,35.2435,13.0002,7.7461600000000015,8.091330000000001
62.1,24.8152,31.2247,33.297,9.45247,5.66383,6.658
39.1,20.8007,29.7794,32.0365,5.9671699999999985,4.51745,5.9985300000000015
97.7,41.6813,41.2841,42.1886,24.8954,18.8543,16.9541
90.8,36.1715,36.0374,36.0949,19.805,13.639,11.8228
66.7,30.5834,31.7604,31.4533,15.1946,9.21423,7.502839999999999
59.9,26.4997,27.4607,27.8696,11.6759,6.18228,4.78538
42.4,23.2224,23.9802,23.5696,8.94157,3.90946,2.71274
98.4,38.251,49.9394,53.3405,25.6709,25.0111,26.0396
89.0,32.8879,45.3422,49.5762,20.1639,20.4832,22.407
82.0,27.8809,40.7647,45.4047,14.8597,15.7807,18.3052
71.0,23.8189,37.2279,41.8509,10.3633,11.9959,14.6841
55.8,20.3059,34.5387,38.8152,6.24337,8.99559,11.5096
95.3,30.3236,38.5462,43.4025,16.9604,22.2864,23.2986
81.7,23.1973,31.4689,36.4819,11.3889,15.6901,17.5212
64.4,17.7198,26.0125,31.0542,6.49945,9.98652,12.0329
53.0,13.7438,22.041,27.0811,2.55087,5.7004,7.84443
97.1,41.3396,41.9536,41.4932,23.1231,13.9402,13.1562
94.0,35.8629,36.4633,36.0063,17.8153,8.90639,8.19873
88.3,31.1383,31.7788,31.2817,13.4079,5.22741,4.633380000000002
79.8,27.0049,27.6803,27.1773,9.85951,2.84979,2.44239
66.4,23.3436,24.044,23.5545,7.01243,1.48993,1.2514
97.8,43.5797,40.6022,40.3311,25.7435,12.2727,11.6043
95.3,35.6161,37.6789,37.8459,18.6861,9.35157,9.11857
86.5,29.252,35.1442,35.8601,12.7371,7.2945600000000015,7.5708199999999986
53.7,24.3582,31.9915,33.0889,7.9172,5.84755,6.49132
26.6,20.1627,28.5694,26.2752,3.46748,5.74458,5.67641
97.8,41.2887,43.3762,42.5909,22.9471,15.2974,14.1168
95.6,34.6761,38.8525,37.865,16.798,10.6601,9.29418
83.0,28.8727,36.0325,35.9293,11.6333,7.96237,7.59397
62.3,24.328000000000007,34.1336,34.9998,7.27653,6.63134,7.0609
38.3,20.5633,32.9142,33.9216,2.969,6.08009,6.68392
99.6,41.2602,42.09,41.3908,25.5121,16.6729,15.924
81.0,35.8383,36.8037,35.1899,20.3516,12.3834,11.5917
66.2,30.9472,32.0239,31.4776,16.2879,7.959969999999998,7.32402
54.9,25.9422,28.2695,27.2129,12.7757,5.0621800000000015,4.44128
39.0,23.094,24.3916,23.7406,9.62084,2.8847,2.51473
98.7,38.2307,52.5552,52.2568,22.2131,24.4158,23.7444
93.2,32.6636,48.8963,48.426,16.361,20.7397,19.8716
76.9,27.8407,45.1093,44.5808,11.0782,16.8801,15.9303
65.9,23.7636,41.449,41.1343,6.39636,13.101,12.3489
43.0,20.2701,36.9604,37.4835,2.45604,8.66648,8.70168
89.5,30.5893,44.6889,41.7884,16.0618,21.6773,21.9145
76.1,23.3099,37.7294,34.6749,9.93745,15.299,15.8488
54.8,17.9074,32.3704,29.2897,4.42214,9.76045,10.4481
96.8,41.4312,42.0207,41.5573,13.552,12.1732,12.0088
84.9,35.7575,36.3381,35.8925,8.52139,7.1657899999999985,7.04966
74.5,31.0689,31.6961,31.2118,5.1665199999999984,3.90502,3.81246
61.6,27.0694,27.6827,27.2415,3.17641,2.00078,1.97358
51.3,23.3878,24.0704,23.5631,2.0230200000000003,0.99685,0.973825
98.3,40.8397,46.6223,42.3587,16.6359,17.6183,13.8011
72.6,34.0964,41.4299,38.8567,11.8191,14.5788,11.4653
46.8,30.0041,34.0168,34.6695,8.54575,11.9659,10.2981
34.5,27.7183,35.9858,32.5001,7.38075,12.9312,10.5009
23.0,24.3761,27.4848,31.638,5.86682,11.7218,10.7875
96.9,39.7095,47.0913,43.6675,14.2954,18.0377,15.1836
73.3,33.6462,43.6773,40.1543,11.6271,15.7192,12.2105
49.1,28.4325,40.3535,37.594,9.05792,14.5078,11.2509
23.7,24.0659,35.7083,36.2193,6.55509,13.911,11.1198
9.3,21.0469,33.1807,30.7094,5.06155,13.2356,11.0241
96.8,41.3052,41.8956,41.4585,16.9556,15.566,15.4798
80.7,35.9734,36.0696,36.1534,11.6612,10.2743,10.1255
64.8,31.1841,31.4559,30.932,8.011510000000001,6.71727,6.565289999999999
49.5,27.4442,27.4688,27.0187,4.73035,3.4691400000000003,3.4141800000000004
35.8,23.4145,23.9613,23.6152,3.23557,2.13732,2.06908
94.1,38.283,54.3009,51.1291,19.7281,24.4232,22.2727
77.3,32.6079,51.6447,46.9799,14.816,21.9346,18.2917
53.8,27.7469,48.6297,43.44600000000001,10.4984,19.2325,14.7931
32.7,23.7105,44.593,40.581,6.846939999999999,16.1167,12.2798
3.4,20.2282,39.554,37.7284,5.008769999999998,14.3383,11.25
90.8,30.821,36.8124,44.2448,18.5869,23.2668,22.536
69.5,23.7001,29.7376,37.5263,11.7987,19.154,17.5239
35.9,18.1485,24.1573,32.0562,5.92715,14.3139,12.2525
97.8,41.1779,41.932,41.4117,20.0542,13.7809,12.1288
86.3,35.6501,36.4357,35.9321,14.9583,8.7941,7.30416
70.5,30.8427,31.6681,31.2027,11.1292,5.16173,3.98211
56.3,26.8698,27.7045,27.2295,8.394630000000001,2.93818,2.08086
46.4,23.4414,24.3277,23.8247,6.28724,1.66633,1.0938
97.9,53.9443,40.3081,44.4527,33.9466,13.427,14.981
92.1,34.8791,37.6001,41.7321,17.4807,10.5257,12.3117
84.4,28.4002,36.0267,40.2744,11.9796,9.09475,11.212
57.1,23.9468,32.9794,37.1648,7.64602,6.94693,9.81182
27.0,20.6761,29.0345,32.0072,4.40836,5.82142,9.82479
93.5,41.562,43.1711,43.428,21.6891,15.2985,14.0045
83.3,34.3476,38.5837,40.8287,16.1036,11.4416,11.6732
75.2,28.2748,36.1285,39.4613,11.1275,9.22389,10.7904
59.2,23.7497,34.3654,38.3209,6.9943100000000005,7.806889999999999,10.334
31.8,20.1802,32.223,37.1184,3.34094,6.51075,10.0627
87.5,41.3227,42.0852,41.8246,21.4397,17.1271,15.5161
71.0,35.7342,36.8985,35.9243,17.4379,11.8532,10.2526
56.0,31.2723,32.0205,30.8601,13.4704,8.02933,6.5445699999999984
42.9,26.4977,27.5756,27.8136,10.3144,4.91855,3.88104
34.1,23.4347,24.3712,24.0836,7.862139999999999,3.04199,2.17346
92.6,37.7762,52.3179,54.5361,22.1959,25.1923,25.1197
83.7,32.263000000000005,48.0613,51.2202,16.4366,21.197,21.7954
70.4,27.4172,43.8202,47.642,11.2458,17.0313,18.1931
53.0,23.5192,40.2883,44.6838,6.97502,13.4397,15.184
34.5,20.068,36.384,41.8265,3.18209,9.44818,12.3403
90.6,30.2406,42.9237,48.2367,12.6851,22.4178,23.6149
73.5,23.1111,35.9714,41.8994,8.66928,16.3548,19.2907
59.0,17.64,30.5301,36.5997,4.50906,10.7118,14.4843
49.4,16.5529,29.4627,35.5086,3.55641,9.55273,13.4172
100.0,41.1995,41.8764,41.368,18.9033,13.6441,13.417
94.3,35.6951,36.3834,35.8844,13.8474,8.67414,8.48995
86.8,30.9511,31.7,31.1598,10.1403,5.12486,4.9926900000000005
73.3,26.8276,27.6108,27.0618,7.5589,2.86181,2.807
55.8,23.436,24.2801,23.7054,5.7833,1.63839,1.61829
100.0,51.2692,39.905,37.6279,34.4773,12.7518,11.1472
99.1,37.4247,37.7432,35.8114,18.59,10.4388,9.11069
96.2,29.0329,35.841,34.1484,12.4861,8.730139999999999,7.52523
73.1,24.2522,33.4814,32.337,8.50426,7.13139,6.24193
36.1,21.0184,29.3831,29.2402,5.5677400000000015,5.59026,5.31842
100.0,41.5469,43.5314,42.7134,20.2722,15.6565,15.3869
95.5,35.4803,38.7909,36.6351,15.3363,11.4906,10.011
84.0,29.2027,36.0019,34.184,10.9504,8.9036,7.65937
60.6,24.1315,33.9902,32.657,7.384289999999999,7.35469,6.43699
30.7,20.3097,32.6424,31.4884,4.87007,6.62276,5.76518
98.2,40.5358,42.4255,41.5392,21.1478,17.1177,16.9367
85.7,35.896,35.7701,36.1434,16.7534,11.9765,11.7674
67.7,30.1085,31.6425,31.5546,12.5914,7.87637,7.71703
48.2,27.2052,28.011,26.8705,9.44922,4.65223,4.4903900000000005
32.7,23.4434,24.4026,23.619,7.15532,2.7715,2.69945
98.7,38.1936,52.7333,51.0822,24.4097,25.5181,24.7968
92.2,32.3792,48.3098,46.1616,18.357,21.2392,20.0072
79.3,27.634,44.3008,41.9276,13.4217,17.2996,15.7451
64.9,23.5542,40.9185,38.5128,9.07149,13.8363,12.1324
41.0,20.0235,38.1355,35.882,5.37016,10.9319,9.23424
97.7,30.4139,43.3379,42.3815,16.506,23.7478,23.557
84.3,23.1757,36.32,35.3267,11.8104,18.3003,17.9662
63.1,17.7464,30.931,29.9175,7.3784100000000015,12.9801,12.5288
54.2,16.623,29.8126,28.7998,6.3411300000000015,11.8081,11.3351
98.8,41.3082,42.0183,41.4888,18.0346,12.939,11.8542
91.9,35.6239,36.3558,35.8271,12.6565,7.8761199999999985,6.91642
81.7,30.9566,31.7323,31.2162,8.90887,4.4854400000000005,3.75496
67.5,26.8088,27.6214,27.0829,6.16249,2.36486,1.87924
53.2,23.3457,24.2616,23.6968,4.31374,1.28482,0.981322
98.4,41.2887,42.4331,44.7983,19.4855,13.6306,14.956
93.7,33.7821,39.4772,42.2729,13.4061,11.2378,13.2843
67.6,28.7983,35.3221,37.3279,9.22,8.95899,11.2569
43.2,26.0047,31.8823,34.2155,6.7450899999999985,7.70213,11.7452
23.4,22.692,29.0154,33.963,4.24249,8.32345,12.312
98.5,39.9222,44.6195,44.8589,17.5704,15.6525,15.1538
89.4,33.2707,41.0507,42.5461,12.3624,12.5449,13.407
61.9,28.0873,37.9488,40.4636,8.10483,10.3456,12.6352
33.5,23.6869,34.8604,39.3018,4.54812,9.01688,12.4129
17.9,20.296,32.0803,33.9456,2.60637,8.64525,12.3567
96.9,40.811,41.6867,41.4505,20.0589,16.0269,14.9688
79.2,35.8384,36.8084,35.7356,14.4487,11.0298,9.95199
68.0,30.9026,31.7671,31.8556,11.1692,7.0930100000000005,6.20712
48.6,26.945,27.5456,26.8978,8.05102,4.1277599999999985,3.44924
40.2,23.1191,24.5916,23.4872,5.92986,2.42687,1.93086
95.2,38.1765,52.1539,53.3197,19.953,23.169,23.4167
82.3,32.5087,48.3758,50.1402,14.2761,19.5184,20.2311
64.1,27.6421,44.9403,47.3722,9.32534,16.1419,17.4494
41.2,23.3674,41.2716,44.6815,5.09888,12.6437,14.8338
21.0,19.9471,37.3637,42.0778,2.58713,9.96189,13.1341
98.7,30.2213,47.3574,51.4059,12.5854,24.3787,24.7949
85.8,22.9744,40.6249,45.7693,9.48454,20.18,22.2567
74.2,17.5299,35.2701,40.673,6.32986,15.4125,18.4598
67.7,16.4025,34.1525,39.5275,5.5236800000000015,14.3455,17.497
96.0,41.2034,41.8197,41.3474,16.9378,13.2882,12.5468
93.1,35.7571,36.358,35.9014,11.8589,8.379760000000001,7.7343199999999985
77.6,31.0988,31.6953,31.2576,8.01731,4.90371,4.40271
59.9,27.0255,27.6738,27.2258,5.26518,2.73815,2.38384
52.4,23.3605,24.0027,23.6429,3.3879300000000003,1.47597,1.26702
97.7,47.4156,40.5439,42.6914,23.3489,13.7676,15.259
90.8,35.7023,37.1053,38.6836,13.3753,10.4913,11.6862
63.8,30.1042,33.7856,34.7826,8.539480000000001,8.21764,8.94009
30.1,25.8559,30.0181,30.0917,5.06436,6.65879,6.82706
17.3,23.3857,28.0375,28.1801,3.44078,6.20668,6.91702
94.5,40.7914,43.7329,43.1903,16.3706,15.7586,15.2559
85.0,34.1285,39.0055,40.3068,11.1796,11.9674,12.9617
62.7,29.1363,35.7117,36.7036,7.45085,9.54585,10.3045
27.7,24.6912,32.1816,32.4035,4.39162,7.68981,8.09961
11.3,20.749,29.2481,29.9233,2.64078,6.89633,7.636189999999999
91.3,41.4732,41.6154,41.2213,20.1069,16.5414,15.7718
74.6,35.5322,36.5409,36.5927,14.9764,11.5901,10.9236
50.9,31.1346,31.8165,30.3567,10.6337,7.49808,6.8026300000000015
38.2,27.3269,27.1962,27.4406,7.553089999999999,4.59388,4.19212
26.5,23.3776,24.2672,23.4904,5.04661,2.7277,2.39946
96.5,38.8028,48.0341,49.9182,18.1959,21.1958,22.2175
82.8,33.1737,43.274,45.4583,12.6551,16.7195,18.161
63.5,28.0991,39.2319,41.164,7.746639999999998,12.741,14.1714
39.3,23.9412,34.9093,36.3649,4.27773,9.12015,10.1316
13.2,20.1254,30.6822,32.0732,2.51634,7.150360000000001,8.00713
93.8,30.2317,39.973,42.9895,17.6321,23.3092,23.9179
77.6,23.0723,32.9156,36.0069,12.0911,18.1555,19.1992
63.0,17.6147,27.4692,30.5969,7.499630000000002,12.9551,14.0502
54.1,16.4015,26.2602,29.3809,6.4012400000000005,11.7262,12.8044
94.9,41.3378,41.9666,41.6134,16.7475,12.3797,12.0291
81.2,35.7276,36.3844,35.9992,11.5476,7.4386899999999985,7.1047699999999985
67.7,30.822,31.5459,31.2078,7.68288,4.0133,3.79895
56.8,26.8756,27.6125,27.254,5.24288,2.12333,1.98356
45.5,23.4226,24.2105,23.8859,3.5965199999999995,1.13156,1.04339
97.3,40.974,43.6321,43.8482,18.7026,14.1422,14.0675
90.1,33.2465,41.9902,42.2534,13.0712,12.9613,12.8874
57.5,28.0831,38.8857,39.6145,8.44149,11.647,11.8012
25.5,24.576,33.0038,33.7131,5.18655,10.1559,10.5296
15.4,21.9149,31.478,32.8196,3.22791,11.3247,12.0123
96.8,40.364,44.0486,43.7982,16.3063,14.592,14.138
81.8,33.4002,42.3653,42.1012,11.4215,13.2414,12.7204
56.6,28.0127,40.3426,40.6791,7.44194,12.1512,12.1759
31.9,23.7854,38.9923,39.4771,4.36658,11.7863,12.0058
11.4,20.1419,36.6687,38.1808,2.14229,11.4969,11.9616
90.5,40.6447,41.4567,41.8569,17.3464,15.3797,14.9493
69.0,35.9483,36.0097,36.3202,13.8652,10.4439,10.1429
47.6,30.7879,31.8925,31.4692,10.319,6.71568,6.41361
34.7,26.9205,27.4852,27.4455,7.1693,3.92229,3.75979
24.8,22.9992,23.5369,23.9661,4.93297,2.25295,1.9948
91.2,38.1041,54.357,54.6482,20.6253,24.7388,24.8516
77.0,32.5908,50.8578,51.2987,14.9655,21.2835,21.4831
61.9,27.8101,47.3698,47.8346,9.89692,17.8165,17.9929
43.1,23.5182,43.792,44.1969,5.12476,14.3389,14.3462
15.4,20.0904,39.7394,41.1005,2.13122,11.8605,12.2364
92.6,30.2296,48.0444,49.6885,11.8099,24.2245,24.4598
80.2,22.92,41.459,43.2728,8.38885,20.9177,20.965
61.0,17.3762,36.0663,37.9079,5.0842,16.464000000000002,16.8234
52.9,16.335,34.9875,36.9136,4.33369,15.4283,15.8647
99.7,41.0328,42.1343,41.535,13.0885,14.4671,12.5893
89.5,35.4489,36.6068,36.0651,8.8718,9.46531,7.7755
81.5,30.6137,31.8745,31.3326,6.19486,5.76866,4.39131
61.8,26.4979,27.8582,27.2605,4.45924,3.345,2.34179
48.7,23.0048,24.6113,23.8853,3.23202,1.9624,1.25999
98.6,58.4698,38.6129,45.3859,34.1392,13.4269,17.3113
92.5,36.848,35.3577,40.9075,17.0821,9.87223,12.8695
70.0,29.4698,32.5809,36.8516,10.0072,7.5358800000000015,9.97711
40.1,25.6186,30.0405,33.2634,6.6149,6.15945,8.649339999999999
17.1,22.5369,28.8128,29.5232,4.29526,5.96391,8.06127
98.3,41.1768,42.7762,43.9482,17.8168,16.462,15.682
82.8,33.9966,37.8036,40.9495,12.9947,12.0429,13.0023
63.6,28.5844,34.3678,37.8754,8.70903,9.004669999999997,10.5869
32.9,24.1906,31.5256,35.1777,4.96197,6.703189999999998,9.11897
9.0,20.2023,28.6499,33.6904,2.21061,5.57763,8.84178
96.8,41.1984,42.4238,41.2528,12.5785,17.5602,15.7824
86.1,35.8924,37.0146,35.7066,9.44998,12.6292,10.7562
66.4,30.6145,32.3507,31.3413,7.84897,8.6599,7.05557
48.7,26.9965,27.8703,27.4355,5.62033,5.4255,4.0902699999999985
26.2,23.1191,24.774,23.3898,4.22734,3.32226,2.42458
96.6,38.0554,47.3409,52.62600000000001,20.3655,22.1535,24.2633
81.2,32.501,42.3788,48.6695,14.6245,17.2789,20.5054
52.9,27.5043,38.0387,44.8865,9.34243,12.8161,16.8068
33.0,23.4503,34.088,40.6887,5.11676,8.72958,12.7432
12.0,20.0489,30.7001,36.2666,2.33512,6.05019,9.47468
94.4,29.9697,40.6896,45.3401,6.89364,23.378,24.7533
80.8,22.7571,33.5131,38.3317,5.12263,16.5527,19.1439
62.9,17.3491,28.104,32.955,3.22481,10.8553,13.8538
55.0,16.3047,27.0642,31.9162,2.71881,9.72237,12.7766
96.8,41.4054,41.9878,41.5293,17.3626,12.7811,12.7856
86.9,35.7682,36.3726,35.9249,12.2537,7.77941,7.77635
74.1,31.0922,31.74,31.3098,8.67309,4.40939,4.4109300000000005
61.8,27.0122,27.644,27.2687,6.203880000000002,2.32381,2.33493
48.7,23.3057,23.9475,23.6463,4.44461,1.18614,1.19245
97.6,46.7544,43.1403,39.6983,23.4679,14.6596,11.0509
95.7,34.4327,40.4716,37.7881,14.7267,12.2633,9.19656
81.9,28.2525,38.6035,36.7448,10.2649,10.8892,8.4394
46.3,23.9425,34.3297,34.1759,6.43347,9.05265,7.493339999999999
33.4,22.0267,32.5011,30.2272,4.76904,8.91323,6.707160000000001
98.2,41.3808,44.4858,41.7702,17.6592,15.6536,12.9337
91.0,34.1361,40.7302,37.9512,13.0515,12.5044,9.45412
69.4,27.9942,38.7532,36.6959,8.71567,11.023,8.46143
49.9,23.6113,36.7538,35.6438,5.413869999999998,9.89327,7.943389999999999
24.6,20.1277,34.2064,34.1163,3.20588,9.1231,7.67364
80.2,41.5708,42.3979,41.0736,20.3369,15.8202,15.9246
70.3,35.5299,36.5033,36.1261,15.3376,10.8882,10.9426
57.8,31.1595,31.2674,31.5199,10.9552,6.56353,6.64123
45.3,26.5939,28.2651,26.6384,8.10754,4.0185900000000006,4.08291
36.4,23.7788,23.8401,23.6304,6.1559599999999985,2.35116,2.3898
98.9,38.0162,54.3254,52.1412,21.7341,25.4084,23.6576
91.7,32.3768,50.9105,47.7577,15.9232,22.2072,19.2952
75.8,27.3756,47.2213,43.4427,10.6616,18.7443,14.9391
58.4,23.3917,43.8428,40.0661,6.53724,15.5353,11.4734
34.2,19.9874,39.6512,37.4934,3.29998,11.804,8.88114
87.5,30.0374,39.3733,43.7237,19.5231,23.6979,23.4989
71.0,22.9051,32.3716,36.8846,12.8044,19.713,18.7827
60.7,17.426,26.9034,31.418000000000006,7.385969999999999,14.7854,13.7079
49.4,16.2543,25.7355,30.2598,6.1865,13.6282,12.5069
96.9,41.2124,41.8696,41.365,18.7753,13.4712,13.9253
86.4,35.7558,36.4339,35.927,13.5618,8.561119999999999,8.98073
76.3,30.9956,31.7121,31.2284,9.51319,4.98252,5.36049
64.5,26.8499,27.6091,27.0745,6.51502,2.72136,2.99554
53.7,23.506,24.2743,23.7195,4.53029,1.51127,1.72688
98.0,49.8487,41.7581,40.2379,27.9765,14.3335,13.7289
87.5,36.8025,37.1266,35.3271,15.7226,9.69364,8.79531
69.3,31.213,33.834,32.0088,10.9439,7.29978,6.13077
33.7,26.2316,30.1599,29.3821,6.77969,5.90096,4.96103
22.0,22.9586,28.7209,26.541,4.48378,6.05655,4.36354
99.6,40.9772,43.9768,42.8626,18.9204,15.9629,15.6686
92.0,35.0588,39.1946,37.8796,13.7803,11.6002,11.2537
60.9,29.8421,35.2109,32.8758,9.80933,8.19927,6.729239999999999
39.5,24.8859,33.3095,30.7548,5.86182,7.1456300000000015,5.2968
16.3,20.7914,30.9092,28.8612,2.79834,6.6105,4.8580000000000005
97.8,41.4378,42.0829,41.2555,21.1129,16.703,17.2404
82.0,36.0747,36.6404,36.1598,15.618,11.724,12.2206
64.4,30.8354,32.1821,31.2087,11.9003,7.4451,7.9519
42.5,26.7904,27.6156,27.1419,8.22825,4.31197,4.63951
29.8,23.4106,23.6446,24.0518,6.31482,2.78233,3.15314
95.4,39.1338,47.6973,46.2776,19.9647,20.2861,19.8656
83.9,33.1651,43.1383,41.4484,14.4353,15.8007,15.0519
60.5,28.2703,39.9253,37.8872,10.0465,12.5123,11.3729
45.1,24.0594,37.0702,34.7241,5.88604,9.69885,8.12444
23.1,20.4127,34.0353,31.8131,2.57444,7.4634800000000014,5.7069
91.9,30.4048,42.7177,39.2887,13.9661,22.8021,22.143
81.6,23.1504,35.6595,32.1516,9.60009,16.9864,15.7107
66.7,17.6101,30.1591,26.6076,5.24998,11.5119,9.95783
59.0,16.4811,29.028,25.4675,4.2449,10.352,8.75762
95.8,41.2749,42.0693,41.4472,14.7675,14.161,12.976
82.1,35.5956,36.4262,35.7783,9.66015,9.10881,7.98384
67.4,30.8958,31.7667,31.138,6.21942,5.63901,4.68437
54.2,26.7431,27.6218,27.0142,4.00443,3.38073,2.63075
45.1,23.2707,24.2198,23.5787,2.73189,2.11823,1.51666
95.7,52.06399999999999,34.9158,37.8206,30.354,11.5945,12.4083
88.3,42.0951,34.4494,37.0684,16.9682,10.7131,11.4308
65.8,31.3162,31.4592,33.8584,10.157,8.23329,8.52426
27.8,25.8705,28.3693,29.8639,6.34056,6.27126,6.44426
17.4,22.999,25.837,26.6511,4.75824,5.51527,5.65529
94.2,41.3707,42.9885,43.9757,14.5999,15.5185,16.5078
82.1,35.6469,36.7821,38.0359,11.576,11.797,12.1711
60.9,29.5956,32.7904,34.1216,8.7691,9.09947,8.80613
39.4,24.522,29.6593,31.4615,5.66686,6.788939999999998,7.125960000000001
11.1,20.6486,26.1427,28.647,3.42244,5.11474,6.2557800000000015
77.6,40.912,42.2434,41.5734,17.4543,17.1119,15.9794
63.1,35.5264,36.4381,35.3592,12.4419,12.4479,11.3015
46.1,30.8529,31.5908,31.3849,8.7611,8.180769999999999,7.259589999999998
39.3,27.1535,27.992,26.8699,5.81053,5.33091,4.42034
26.6,22.9193,24.6253,23.1964,4.0021900000000015,3.36697,2.65046
91.3,38.8231,43.5947,47.2755,19.7522,20.2001,21.5728
80.9,33.1152,38.3325,42.1308,14.4029,15.1143,16.7168
69.3,28.0737,34.4133,37.968,9.56473,11.1891,12.5249
45.2,23.5615,30.8146,34.6123,5.6014300000000015,7.816089999999999,9.14229
15.4,20.0884,26.5233,30.4776,3.4490300000000005,5.22979,6.692189999999999
90.6,32.7519,33.6832,35.3324,15.5159,19.9468,23.1242
74.0,25.6404,26.5871,28.2319,12.1327,14.3428,17.8501
59.8,20.0408,21.01,22.625,8.21163,9.55253,12.2305
53.5,17.7434,18.7082,20.3316,6.18041,7.4939300000000015,9.80571
96.1,41.2999,42.0454,41.5108,12.0131,12.4724,11.7191
79.4,35.6057,36.387,35.8975,7.07645,7.4824899999999985,6.8618
69.8,30.8393,31.672,31.2075,3.9385,4.1811,3.71857
59.1,26.8322,27.6747,27.2757,2.17426,2.26491,1.97038
48.5,23.2621,24.0984,23.7381,1.22078,1.20657,1.02796
96.9,41.5254,42.0029,45.14,14.9182,16.1819,17.5451
56.4,35.8551,36.9535,39.8022,9.99763,12.483,14.5345
30.7,31.8209,33.4683,35.2849,7.705889999999999,10.6552,12.557
11.5,27.7249,28.174,33.5156,6.40312,9.73199,12.503
8.2,27.7249,28.174,33.5156,6.40312,9.73199,12.503
97.6,39.911,44.5065,45.1916,13.7616,17.7793,17.5893
69.9,34.0192,39.2645,41.2343,10.6431,14.5907,15.5486
34.5,28.8107,34.0374,38.8272,7.51231,12.0503,14.5382
14.9,24.4891,31.9692,31.4224,6.13248,11.4876,13.1583
0.0,22.3229,24.5648,31.3889,5.80092,10.2405,13.1648
88.1,41.2072,42.2477,41.6239,14.3626,15.6874,15.0172
66.1,36.4421,36.597,35.5376,9.44296,10.509,9.81854
46.9,30.8467,31.7123,31.2334,5.9817,6.4724,5.94215
38.3,26.9252,27.1387,27.5764,3.79131,3.87007,3.5821400000000003
27.9,24.0613,24.3878,23.6348,2.32608,2.37584,2.13749
92.7,38.8371,47.2005,50.4994,16.6646,21.2991,21.9907
69.1,32.7887,42.1963,46.0544,12.3126,17.099,18.0699
27.4,27.6695,36.6123,41.9637,8.959810000000003,13.2811,15.3744
3.7,23.5185,32.486,38.1686,7.283639999999999,11.9938,14.4369
0.1,19.8442,28.7859,35.1326,5.9304,11.3831,14.0588
94.8,30.2034,39.4655,44.1513,8.68558,24.1817,25.2662
86.9,23.0411,32.3868,37.2481,7.421089999999999,20.2641,22.9382
72.7,17.7245,27.0767,31.962,6.35308,15.9919,19.561
58.7,16.4782,25.8347,30.7424,6.01768,14.9138,18.423
96.5,41.2719,41.8744,41.4193,13.8122,12.4518,11.7344
83.4,35.8369,36.4329,35.9527,8.95267,7.60688,6.9571
67.8,30.9004,31.534,31.0717,5.36684,4.0964800000000015,3.61762
58.1,27.0091,27.6595,27.166,3.35646,2.19082,1.86063
42.3,23.3655,24.0866,23.5257,2.12534,1.12046,0.911164
95.3,41.0969,42.587,44.6544,14.6524,13.8731,15.0694
63.1,34.5318,38.4536,40.5616,10.544,10.9643,12.7267
28.6,28.8605,33.4994,32.7323,7.05082,9.42195,10.6095
22.4,28.0376,31.6064,32.1561,6.72156,8.96146,11.0565
10.9,25.0743,26.5117,31.6637,5.63786,7.10761,12.5117
96.7,39.6707,44.6026,45.1728,12.7956,15.6265,15.5919
68.7,33.353,40.3667,42.06100000000001,10.1722,12.3677,13.6115
42.8,28.3435,36.6629,39.5389,7.55565,10.5323,12.9144
16.3,23.883000000000006,34.9754,37.6572,5.32271,10.2212,12.7053
3.3,20.3338,32.4687,31.6344,4.34813,9.85842,12.6427
92.8,41.3974,41.6088,41.6448,17.4106,16.0294,15.2918
63.4,35.8261,36.5458,36.0643,12.0166,10.6608,10.0198
41.4,31.175,31.5637,31.5037,7.85555,6.56802,5.95554
30.3,27.5183,27.6836,26.9809,5.16255,3.93296,3.46342
18.4,23.4892,24.1912,23.8182,3.4182300000000003,2.32851,1.98565
92.5,38.1248,49.6614,50.6702,15.8481,20.5309,20.8036
70.7,32.5366,46.058,47.827,11.4709,17.152,18.0054
44.1,27.6871,42.4732,45.2261,8.05642,13.8624,15.565
18.2,23.6228,39.0701,42.602,5.72136,11.3821,13.7523
3.7,20.2198,36.0485,39.6186,4.64221,10.3944,12.931
90.9,30.6622,39.5421,45.7334,18.7193,22.3783,23.3495
68.5,23.4515,32.3625,39.0253,11.7685,17.0211,19.1676
37.5,17.9301,26.89,33.5473,5.97416,11.7768,14.3947
97.1,41.2385,41.8804,41.3912,20.3136,12.7374,12.3019
91.0,35.6715,36.3313,35.8445,15.0098,7.783339999999999,7.41251
78.0,30.9261,31.571,31.0889,10.8537,4.32362,4.06197
65.8,27.0452,27.7469,27.242,7.95233,2.37498,2.20188
55.0,23.3839,24.0872,23.6056,5.71591,1.22263,1.13139
97.4,43.1539,41.9651,42.3828,22.8118,13.9004,14.0418
94.3,33.7667,39.9514,40.075,15.1687,12.0318,12.037
83.2,28.2818,38.0401,38.0429,10.9637,10.5109,10.5362
42.2,23.6526,34.0566,34.2085,6.83499,8.610289999999999,8.60698
27.3,21.8086,32.5005,30.8292,5.2057699999999985,8.42424,7.76421
96.4,40.3988,44.1764,43.1465,19.3685,15.2382,14.4484
83.6,33.7917,41.0051,40.6346,13.3229,12.6026,12.449000000000002
65.0,28.1428,38.3923,38.3627,9.22662,10.7324,10.7613
46.7,23.8527,36.5687,36.2167,6.19561,9.66775,9.46704
23.6,20.3963,34.1322,33.728,3.72447,9.05954,8.69641
93.3,41.655,42.5075,41.2217,23.6335,16.3915,15.9537
70.6,35.5527,36.6554,36.1875,17.7564,10.6388,10.221
56.8,30.7609,31.9534,31.1398,13.63,6.84593,6.50432
41.4,27.1651,27.6062,26.8708,10.4493,4.20035,3.96426
29.9,23.8001,23.89,23.3162,7.72478,2.37886,2.21074
96.4,37.9769,54.1551,54.8052,22.8458,25.8068,26.071
88.5,32.5321,50.5515,51.4023,17.2444,22.6341,22.9037
77.0,27.7476,46.9493,47.8991,12.2007,19.3622,19.6468
59.3,23.4937,43.6477,44.457,7.62454,16.1229,16.3846
39.4,20.0138,40.3761,40.6897,3.86806,12.8181,12.857
94.4,30.151,43.2111,44.2402,16.8389,22.9316,22.8651
78.5,23.0707,36.2923,37.4314,10.5392,17.8629,17.7583
56.7,17.5697,30.8907,31.9799,4.8796,12.5951,12.4646
50.3,16.4665,29.7685,30.8847,3.70058,11.4788,11.3369
98.0,41.29,41.9374,41.4181,14.4459,12.7984,11.9784
88.1,35.7034,36.3629,35.9166,9.39318,7.837639999999999,7.1536300000000015
80.1,31.1288,31.8406,31.3182,5.97345,4.53788,3.93962
67.1,27.014,27.6913,27.203000000000007,3.72226,2.41025,2.00685
56.4,23.3904,24.1883,23.6431,2.38633,1.29387,1.02027
98.5,41.6676,42.3272,43.1931,15.7156,14.4311,14.1586
87.1,34.9497,37.6435,39.1756,11.4697,10.8893,11.4095
51.2,30.1322,32.8559,35.2457,8.01126,8.2421,9.88629
31.0,26.4993,30.4517,31.2742,5.9085800000000015,8.29095,9.41651
22.5,24.5449,29.7399,30.5844,5.14144,7.99161,9.4774
99.8,39.8222,44.3442,44.1434,13.5771,15.8513,15.0674
83.8,33.8518,39.3174,40.348,10.9727,12.366,12.2445
46.8,28.489,35.1859,37.2613,8.2223,9.87166,11.0549
19.8,23.9607,32.5321,35.9266,5.51817,8.95171,10.8018
1.6,20.4051,31.0466,30.1622,3.91533,8.67864,10.467
96.1,41.0979,42.1524,41.1379,17.2786,15.9655,15.1936
82.7,35.6225,36.8158,36.4448,12.3106,10.944,10.1598
65.5,31.4085,31.5252,31.0963,8.27871,6.95943,6.26658
46.2,26.8835,28.2143,27.2932,5.41629,4.11134,3.5721199999999995
34.7,23.9385,23.9764,23.7216,3.63772,2.48538,2.0626
94.0,38.0657,48.9323,49.0527,16.5179,20.4702,19.8545
76.5,32.2687,44.7512,45.5831,12.2088,16.7987,16.491
48.2,27.2417,40.4135,42.7094,8.56362,13.1894,13.8498
25.3,23.1716,36.1078,39.8537,5.3678300000000005,10.2061,11.8583
6.7,19.8574,32.7716,36.5413,3.75577,8.96084,10.8759
92.1,30.7181,37.4682,45.2852,13.9584,22.6575,23.4053
80.1,23.3783,30.1755,38.3425,10.2535,17.3689,19.3691
59.3,18.0099,24.8125,33.0278,6.5029,12.2476,14.6693
44.6,16.2076,23.0183,31.2344,5.01735,10.4551,12.9407
98.2,41.0991,42.1191,41.4816,15.2576,14.7932,12.7045
90.2,35.7429,36.8723,36.2873,10.3413,9.95792,8.107439999999999
78.6,30.7941,32.0023,31.4541,7.12755,6.02838,4.59236
65.3,26.696,27.9362,27.4393,5.21796,3.5056300000000005,2.52102
52.8,23.079,24.4179,23.8263,3.81016,1.98893,1.34513
96.2,57.3918,38.275,43.8126,37.2281,12.9205,16.4732
89.2,37.3944,35.3322,39.9706,19.0713,9.51331,12.4502
77.1,29.9358,32.7752,36.6609,11.0795,7.28463,9.982
41.0,24.0596,29.3171,31.7722,4.55009,5.60997,8.1159
27.0,22.0005,28.2387,30.6795,4.79825,5.32327,8.258
95.5,41.5034,43.0203,43.2497,20.853,16.5654,14.8943
88.6,34.7852,37.8408,40.428,14.9268,11.7935,12.499
68.3,29.2696,34.1615,37.2901,10.091,8.459480000000001,10.2903
45.2,24.4237,31.6717,34.5435,5.7228900000000005,6.447019999999998,8.93024
22.8,20.7858,29.4363,31.5963,2.96173,5.33966,8.1721
93.5,40.7733,41.6191,41.8013,16.0557,17.9584,15.937
79.7,35.7441,36.5202,36.4322,10.9271,12.6343,10.7893
62.9,30.6854,32.0067,31.6005,8.39148,8.46067,6.88209
40.0,27.0539,27.3,27.4935,6.55905,5.43867,4.22035
31.7,23.1286,24.5713,24.1593,5.03592,3.3628400000000003,2.45938
94.4,38.428,48.6741,53.0192,22.7332,23.4981,25.0205
79.4,32.7589,43.5612,48.8274,16.8339,18.4345,21.1578
65.1,27.6763,39.0342,44.6119,11.3044,13.7111,17.2203
47.9,23.7688,35.4654,40.7481,6.787260000000002,9.89969,13.7469
28.1,20.2699,31.8878,36.1274,3.1276,6.53485,10.048
94.4,29.9331,40.2039,44.1006,7.330789999999999,23.0452,24.3417
79.7,22.773000000000003,33.2664,37.2292,5.51395,16.3978,18.7461
66.8,17.2903,27.7455,31.7379,3.48199,10.5443,13.2864
61.5,16.1356,26.5885,30.5821,2.8727,9.28188,12.0885
94.8,41.2633,41.8729,41.4376,17.979,13.1397,13.071
80.3,35.6948,36.344,35.9183,12.7715,8.17732,8.13485
71.1,31.0484,31.7296,31.3097,8.9259,4.75012,4.7309800000000015
59.1,26.8824,27.5634,27.1825,6.01495,2.54019,2.54185
51.0,23.4661,24.1504,23.8392,4.0868,1.3936,1.4052
96.9,45.2506,42.4393,40.6843,22.4597,14.4122,13.084
88.1,35.2945,38.8863,37.4397,14.1699,11.2423,10.0172
65.2,29.3496,34.9427,34.1452,8.94013,8.431000000000001,7.56482
37.9,26.108,31.9232,31.2171,5.94193,7.18452,6.24376
21.7,22.5933,29.9033,28.2663,3.19013,7.113460000000001,6.0986699999999985
95.8,40.9249,43.9766,42.3031,17.6547,15.5583,14.5335
87.8,34.2074,40.1826,38.5772,12.371,12.2269,11.1049
59.7,28.5941,37.0622,35.4126,7.8795899999999985,9.86627,8.40672
35.9,24.4202,34.1137,32.4626,4.23731,8.13622,6.78056
10.3,20.8813,30.8468,30.6744,1.99045,7.25363,6.40126
90.1,41.0644,41.8559,41.2478,20.6218,16.3836,16.2592
73.8,35.5415,36.2348,36.5791,15.7083,11.3866,11.3992
51.0,31.336,32.0175,30.8871,11.4802,7.2987600000000015,7.21374
36.2,27.0739,27.1968,27.1697,8.14451,4.41186,4.30832
25.8,23.4758,23.494,23.9435,5.68261,2.56937,2.58228
91.4,38.2119,50.9258,48.9588,18.5857,22.7546,21.4012
80.2,32.5589,46.7062,44.3522,12.8526,18.8405,16.9121
58.0,27.9146,42.9073,40.71,8.1194,15.2236,13.2747
38.4,23.866,38.1865,36.8108,4.1074,10.8833,9.46719
16.6,20.5394,33.4176,32.9523,1.89206,7.76765,6.85389
93.2,30.4687,44.8926,40.0217,15.1024,22.4252,21.9606
82.7,23.3588,38.1232,32.9658,9.99943,16.8194,15.8172
59.1,17.9774,32.8023,27.632,5.08624,11.4117,10.4071
53.1,16.7595,31.5873,26.4191,3.88891,10.1457,9.14488
